year,과중,종경,횡경,L,a,b,경도,당도,산도,BIO1,BIO2,BIO3,BIO4,BIO5,BIO6,BIO7,BIO8,BIO9,BIO10,BIO11,BIO12,BIO13,BIO14,BIO15,BIO16,BIO17,BIO18,BIO19,prcp_m01,prcp_m02,prcp_m03,prcp_m04,prcp_m05,prcp_m06,prcp_m07,prcp_m08,prcp_m09,prcp_m10,prcp_m11,prcp_m12,tmax_m01,tmax_m02,tmax_m03,tmax_m04,tmax_m05,tmax_m06,tmax_m07,tmax_m08,tmax_m09,tmax_m10,tmax_m11,tmax_m12,tmean_m01,tmean_m02,tmean_m03,tmean_m04,tmean_m05,tmean_m06,tmean_m07,tmean_m08,tmean_m09,tmean_m10,tmean_m11,tmean_m12,tmin_m01,tmin_m02,tmin_m03,tmin_m04,tmin_m05,tmin_m06,tmin_m07,tmin_m08,tmin_m09,tmin_m10,tmin_m11,tmin_m12
1.0,0.5425801511268029,0.6250877962912964,0.43238212427219963,0.5738509353926908,0.1307561559247459,0.7183009130024083,0.7940053821295455,0.18450842128710063,-0.19008004706742807,0.7535585085911802,-0.2787184504658328,-0.5416477008995044,0.6977062554060629,0.7474910338840742,0.31117648700026573,0.5002458104857201,0.8739101374730968,-0.13555805024762835,0.9209001629244795,0.04631852945367249,0.1008295961883674,0.40115799560143856,-0.4661072959259674,0.44882209851981836,0.11866871474635894,0.1408258952505158,0.1939924506791787,0.20839669133874417,-0.0292419811161123,0.06427473361861037,0.32071129980105934,-0.40130240283478613,0.31281923427781416,-0.11021479301739244,0.3758132973107272,-0.12334349043773819,0.10578047492854536,-0.5316007182215052,0.17177807824017058,0.24645425750386288,-0.2962369263378213,0.024923849055954444,0.027004178046493754,0.8676767904964625,-0.0870664364166878,0.5686697661214074,0.5002629284083886,0.5096058268833132,0.8235465829437186,0.4550745547547027,0.12063087000666094,-0.14873352282751143,-0.19116239890568662,0.13315024909311937,0.1300335497082902,0.8556220871221188,-0.015311693621077215,0.6287978951802398,0.7259626932154253,0.4773964711263991,0.7269953931856877,0.299993579751099,0.5916622831790271,0.1666758428536343,-0.11205562256221495,0.2260822579732898,0.228150207963512,0.7557664191899289,0.24209378715441712,0.4646855031611623,0.9095720769056432,0.23896189792253922,0.6302007663396939,0.314429448941083,0.513760573797444,0.19736855937091088
0.5425801511268029,1.0,0.976899063138413,0.791030098522056,0.9429203093798992,-0.476840842553314,0.9667300319364454,0.3098179273577327,-0.11457182813191079,-0.5207378800070361,0.8618047047419506,-0.6222164850925197,-0.6169561389985552,0.25577242411903917,0.8107832648836154,0.6551765293570989,0.028585194246220073,0.236710213147671,-0.04174896612735058,0.6983133422853068,0.4475306175528604,-0.2111402373642422,-0.10406230188193023,0.1439796508829449,-0.29050153724403954,-0.3886073491206544,0.31985374192679344,-0.3755654081830697,0.06311298024261558,-0.2651408642482464,0.37317771403058536,0.3444999994177356,0.47936149622920454,0.29307294084438745,-0.6743058134634818,-0.025059569618095585,-0.733625539681983,0.31389591729336014,0.33807943830389664,-0.5454748258648158,-0.05476478418555838,-0.32760423019552976,0.21849572525974895,-0.43873832232046667,0.5383501151955316,0.03003037488417929,0.1272357564849823,0.4359732375787123,0.633843091628691,0.8700490475311609,0.6350000044660465,0.1782835640621628,0.4246338532497689,-0.11592134318147446,0.4945655471365063,-0.4117065093906617,0.6987272103831754,-0.2624038174195119,-0.0989574308666933,0.6503028695816254,0.3860033446253787,0.9245809043417416,0.9574968378531713,0.6770050477130448,0.6167876561407875,-0.05888114239594524,0.6067857084179004,-0.05499098208683287,0.8760137441004561,-0.2550777790664113,-0.43561452384615856,0.7114720838063116,-0.2842171096334682,0.8910041155043598,0.9405885131949532,0.8711935524052931,0.6421060385546997
0.6250877962912964,0.976899063138413,1.0,0.69426045095117,0.8844139687398757,-0.2977274869160712,0.9688015424450271,0.47853313588846663,0.08921183625586335,-0.3641046824284365,0.8788742370887702,-0.67285124380388,-0.6799943342831155,0.30324690002013255,0.8789761150728074,0.6968515102556058,0.05272189557441055,0.3940324551141719,-0.06190327480016028,0.7773352859018422,0.43352485347168573,-0.25839100859863856,-0.0770250520530452,-0.06335676128498528,-0.19135201096712917,-0.4013920148237795,0.23570434481548824,-0.37229943854163255,0.027070239738219627,-0.20747397746417953,0.4349842820614174,0.45458284187256826,0.32421887375104624,0.2727304685171807,-0.7234680675773887,-0.005592290970165487,-0.7457866601053273,0.2053916495736849,0.19977361844268418,-0.36795220103879134,-0.18243135154587253,-0.277643818656291,0.21107056535494434,-0.5242621494073869,0.6415143520054898,-0.04796929069900776,0.24152792305318507,0.44835849653504745,0.6224690048228301,0.8926074128488096,0.5346497323264726,0.2688896290372825,0.30017825587012015,-0.046175802935640886,0.5131043001342823,-0.4462674474579004,0.7720802077685714,-0.31598829754593305,0.0637183773472331,0.6787389247288488,0.4050423202658583,0.9011635774643997,0.8998456901701251,0.7614231542710899,0.49803830405732086,0.016089718838636143,0.6324937629748746,-0.004012162034665403,0.9154692651612727,-0.21437019439548305,-0.280124225044385,0.7532351356242187,-0.23183803978581824,0.8312909146834011,0.8966153677636126,0.9282292440422133,0.508416522315858
0.43238212427219963,0.791030098522056,0.69426045095117,1.0,0.7978422575514795,-0.5271156074760157,0.7224205836230305,0.049348000297719415,-0.4946895223680239,-0.5614390082707167,0.7188375975603346,-0.25972529656969284,-0.15284456881088615,0.41044735506049046,0.5324959659364871,0.560061346274711,-0.19120576616874013,0.05558542903252422,0.04819561890993828,0.6074074668950235,0.24005263975331992,-0.10969541750348402,0.012444314826123798,0.4941551458172325,-0.09437898806700815,-0.22986857567915686,0.4476631282164748,-0.18617973493793993,0.2409536664223077,-0.23141743649756713,0.20365287314533406,-0.26024221246214635,0.4705408427688645,-0.016410265824783107,-0.19172729890684181,0.03330688967133965,-0.5180399289509072,0.21138850378835622,0.39517878200192075,-0.7064722793671084,0.2951443104258437,-0.15131266068350224,-0.14852473463663995,-0.20246291599119431,0.3517043654052948,0.555926734340701,0.19578704249315293,0.17933356561121488,0.7115430382182073,0.8053765301477745,0.52070958227411,0.15324183964228952,0.2372388505315967,-0.10034720318203807,0.1619668429259807,-0.3694648102265706,0.5031546245086824,0.34420357576508165,-0.10005174114295576,0.45183996636119056,0.5230022485850822,0.8416728052176653,0.7240050792287424,0.6096176259957983,0.4683220943303202,-0.07264682509727183,0.35094678852157124,-0.4777582102300821,0.6491590978147959,-0.20163693476343514,-0.5208716792135896,0.5949962423601515,-0.1199157200631797,0.8200637514889342,0.6325922444429348,0.6193999756166508,0.562429466839279
0.5738509353926908,0.9429203093798992,0.8844139687398757,0.7978422575514795,1.0,-0.653771210549857,0.9466138676288316,0.16629861683610037,-0.3495625241415621,-0.7452165722201345,0.770532156396667,-0.3930657068556576,-0.5215561110740244,0.3693408581064805,0.6678171940321563,0.38827526644353333,0.26849426009776356,0.167803001532607,-0.21986690034122147,0.6202694879332075,0.25493798999163725,-0.14997611406388428,-0.1385511516659278,0.22686498530720103,-0.3654030511583192,-0.3383188989813874,0.25299848134981856,-0.34504129513497184,-0.008931621733618554,-0.45818075099911754,0.06426390164537056,0.3367454221306459,0.5170398074333429,0.35758415909192565,-0.5588163440846572,-0.07385420895792225,-0.6135207295373767,0.4123707252658975,0.34189221248433915,-0.560058475101254,0.19233293940066434,-0.5822490106833168,0.16479200567230715,-0.18162596646761417,0.5731033331206871,0.034778810973974644,-0.05960383014586619,0.6266188918478844,0.48557457724478625,0.8110438047904143,0.8203736581940674,0.07852776027745922,0.466960152338848,-0.41503431181327627,0.29876271117765657,-0.17030058696376696,0.7300266058813295,-0.24014582838865747,-0.21616295215944636,0.7748535191156151,0.21988973530410522,0.8958991657324405,0.9132175009729034,0.5029939054695992,0.6881632483016712,-0.35803377794392677,0.3717882393420154,0.10171941665864245,0.871038695804516,-0.30827283575995695,-0.38034487774162584,0.785186660530081,-0.38106883901450495,0.9005784292467819,0.9068561280545127,0.6693586493216468,0.7366560593518787
0.1307561559247459,-0.476840842553314,-0.2977274869160712,-0.5271156074760157,-0.653771210549857,1.0,-0.3940373889397379,0.6113772768261901,0.8328946630134051,0.9252070464556401,-0.1427870024035961,-0.05517611999816485,0.03272974392245945,0.06312446382270642,0.03969166348774955,0.14200975725728807,-0.17649651075262765,0.5770036297012717,0.23160416122708016,0.15275315035948483,-0.06676870313814946,0.03444350633061399,0.38000764574426493,-0.7517784962137422,0.7477661352966862,0.262445311652824,-0.19257527045564568,0.35306234985404894,0.12938943935641947,0.5953097060522792,0.3248410482298173,-0.013292251111835808,-0.8700852132728325,-0.27397424632015666,0.26272347095760473,0.3087216514286381,0.3072341099451685,-0.5547599018370531,-0.7282660569069042,0.7871205746736554,-0.4050361006465427,0.6335358363882111,-0.14911404499315906,-0.1856813171199236,0.09242237124624501,-0.10610410777804494,0.6774978237531976,-0.4223288085871106,-0.004473989340704228,-0.14289788859324487,-0.7564739455360799,0.24294572241127066,-0.7052735878370237,0.6013476163305368,-0.022468489650626366,-0.07999493369748212,-0.07991366956610689,0.17039702636635518,0.8329054989081583,-0.33219487839834,0.2561781908505482,-0.3608479007978856,-0.6419858329780125,0.18810994850588098,-0.7320508604164601,0.5989442511040226,0.027734611400458246,-0.0967056846299445,-0.26361628129827486,0.4607360284666887,0.7020326243268756,-0.17425928734298946,0.5926840841533838,-0.5039162663386837,-0.6297222376409453,-0.029956453206031634,-0.7869753642059121
0.7183009130024083,0.9667300319364454,0.9688015424450271,0.7224205836230305,0.9466138676288316,-0.3940373889397379,1.0,0.4590462690773057,-0.05266980055836375,-0.5289681867290951,0.900879914494863,-0.5914712663645187,-0.7028732367537157,0.3670057046709446,0.8634440245641749,0.5651129180496388,0.24504104586701553,0.42518289363858414,-0.09534186259683694,0.7947089121756964,0.3863652948095525,-0.11085066904171102,0.020213140565502486,-0.02197592404735411,-0.15900781988071114,-0.26579706409346643,0.29242830171380463,-0.24765990832802373,0.09226472643494331,-0.2498118809454822,0.2816545852011716,0.44169780947267023,0.2958740306968122,0.40845247411462765,-0.604954794999234,0.0857235567849299,-0.6083376489095031,0.35297174095358796,0.12214049729573699,-0.393956291555942,0.04604435063249953,-0.4205331871252484,0.2559020462744568,-0.30165524530026966,0.675955540789093,-0.09136110902871232,0.19922794148232795,0.5502637941208977,0.6128319664299415,0.91053528728682,0.7068347686334394,0.11956198248297172,0.3706765219357487,-0.20665686271093192,0.4618744843850116,-0.22922790343258456,0.805670772076315,-0.30849391637455836,0.05048372692022029,0.7562946288784006,0.3915512126321906,0.9479713093583564,0.8779346685623826,0.6515505280920325,0.6069229310654128,-0.13409700978403247,0.5502366305441257,0.12035889536123204,0.9231597365607315,-0.13681189509082223,-0.21572763943324746,0.8344239839296814,-0.19422980925118563,0.9097230518918709,0.8815432123712296,0.8225250322599176,0.6286834685318569
0.7940053821295455,0.3098179273577327,0.47853313588846663,0.049348000297719415,0.16629861683610037,0.6113772768261901,0.4590462690773057,1.0,0.7133639435799847,0.36360692293564695,0.63137274832744,-0.5348810937553364,-0.6316245587331805,0.35285470601090196,0.7659105307720239,0.5109400037171579,0.20172749825018232,0.9680441617780501,0.17334564979090775,0.8143467501765711,0.2757939926925339,0.11473092716625642,0.5146832394989479,-0.7585275683520792,0.6486995494939846,0.1968918871532052,0.12980380242661124,0.2868572471175741,0.29447525634330995,0.4058667256049093,0.4711450884631373,0.38147659508794035,-0.6636442035115092,0.2446983898535971,-0.15268022153480865,0.5015978407989549,-0.05447164839157732,-0.09021156477111206,-0.7204853675220652,0.44581550189362185,-0.19091979582061872,0.18386918244378425,0.18406075866375424,-0.24116345140025663,0.6515982503164182,-0.2995387296316843,0.8142254886940623,0.09747410173506207,0.5010082332248319,0.6079686919058097,-0.021101142764814625,0.161996868389897,-0.29152924549125836,0.33014308470674575,0.38645523993566094,-0.061825160595225054,0.5861626333217791,-0.14606012778237454,0.868113479171722,0.32723319137952644,0.5787725345153999,0.4568831057247725,0.06641011594155495,0.6039914587916799,-0.10436161648730063,0.40047829023670506,0.46565114767624355,0.15343254583478372,0.4836773421590615,0.46291299675429226,0.5829935062215877,0.5546663680374897,0.49585993215859997,0.3167244364982977,0.09498428702029764,0.5664969651585511,-0.143942542489373
0.18450842128710063,-0.11457182813191079,0.08921183625586335,-0.4946895223680239,-0.3495625241415621,0.8328946630134051,-0.05266980055836375,0.7133639435799847,1.0,0.803300627348636,0.06922818808033164,-0.4167542249169004,-0.35529194506643225,-0.06987449541065814,0.32598155033976306,0.3309112022556805,-0.09772215831554018,0.5916954383667609,0.13646521851507157,0.25114966313706527,0.17150616850128655,-0.15531611234391682,0.14963776605715612,-0.85071701183965,0.4029718964907284,-0.027494251751361387,-0.24069049623699326,0.030665838431670225,-0.0542457505560843,0.4447792029435247,0.5103407612870188,0.46063416159205933,-0.6131575076945356,-0.04791507095105327,-0.2768011550985796,0.14643498804094351,-0.07130473623040545,-0.4207851225147059,-0.5332734008285084,0.6920614762557357,-0.7103179839518772,0.4279983843614341,0.13811290259542625,-0.4952106637586738,0.24246450418128296,-0.42528097663216263,0.5279215003588946,-0.1677406333249971,0.017599068047427675,0.01708088217410885,-0.5523080451714157,0.31866029447006894,-0.4217650296323998,0.5495693538687901,0.3022287022411418,-0.2686006411897225,0.13045137074016988,-0.325657301995621,0.657461521657041,-0.09912648435262074,0.15741090080958395,-0.1538948793048725,-0.22566098189350958,0.336541996474238,-0.47245333352448643,0.5684288424357264,0.3188209989895642,0.1402208833495035,0.04216068998602578,0.2532842448862161,0.5291607290684572,-0.02707876732161072,0.3004490333133058,-0.29820515337723796,-0.16947234275738404,0.3128294864756436,-0.5685163846703922
-0.19008004706742807,-0.5207378800070361,-0.3641046824284365,-0.5614390082707167,-0.7452165722201345,0.9252070464556401,-0.5289681867290951,0.36360692293564695,0.803300627348636,1.0,-0.3207690894655925,-0.029953038002695335,0.20479623087634558,-0.11798413333415023,-0.12987783479390877,0.17128798383629099,-0.4515842321047074,0.2738161669912279,0.22363495020222862,-0.08142344902226512,-0.0652796590631327,-0.17318517379773396,0.11683429841323191,-0.5876863019037903,0.5102519444624989,0.0374759634318022,-0.28543918898757653,0.11373651447231992,-0.029511668323295093,0.5257549373902671,0.38808239511730025,-0.07928035926178534,-0.6327924722786665,-0.47865978847147556,0.13569950663948252,0.06107178430236054,0.1393477074108144,-0.6829938239619344,-0.4244681171422363,0.6770411854270646,-0.6281995159505895,0.7358817538277357,-0.2288684954970803,-0.39325791162615914,-0.11963249209431993,0.009388312756685006,0.49482369462512615,-0.553445781263691,-0.12011600893427186,-0.3145310351214668,-0.9291846566000425,0.36917639799808183,-0.6802662196390722,0.6940115940057586,-0.04300888455745828,-0.3252709857716824,-0.2670844715435919,0.17348135955972116,0.595253120160459,-0.4976016107587181,0.11433461731435433,-0.5189947321939611,-0.6018986498567725,0.1593960992596875,-0.8029127131215814,0.6621582318889869,0.019749703574129376,-0.27219823688538125,-0.38423950450768335,0.2342734620208802,0.44819285465819514,-0.4094272012844052,0.39760893670275554,-0.6587061320791303,-0.6036898569878892,-0.038117271080996225,-0.8620971206963106
0.7535585085911802,0.8618047047419506,0.8788742370887702,0.7188375975603346,0.770532156396667,-0.1427870024035961,0.900879914494863,0.63137274832744,0.06922818808033164,-0.3207690894655925,1.0,-0.7401816089630688,-0.7514942539167317,0.2564622803574668,0.9616564485985192,0.7603462144300546,0.06100520226850328,0.5764398767205996,0.29022572751142134,0.8916366852499813,0.6054440967104026,0.1669528199340477,0.39535867753438764,-0.034695172928214876,0.20848829561359242,0.05425022204960528,0.585194799017267,0.10111301877075723,0.47350752273587077,0.16693543371910177,0.54608726934359,0.18719616534152167,0.05822501824265641,0.4433620510831939,-0.34048505236226273,0.4508301766405089,-0.3828291201329635,0.39582727756308406,-0.11195760008322563,-0.3888811078834745,0.12402234108759658,-0.04688190580832241,0.34852033953885597,-0.23898389656543845,0.5351294609549044,-0.04992554858512343,0.5516329007790269,0.18986543099323203,0.8767363183399214,0.9443371130074004,0.5458066124471426,-0.03986054691425158,0.31721149754084127,0.1492528517187789,0.6324753771028842,-0.2067636020705609,0.6437430369768428,-0.1145259032722811,0.3179142589769216,0.48209732833892677,0.7459591700512319,0.9649003302613193,0.7118905138748619,0.6798850806910286,0.5597697078906549,0.22928336999418888,0.7466808311044635,-0.07880114360594032,0.7488386228157526,0.23897432493419252,-0.15167036804558176,0.7090113450440677,0.2286807199000371,0.9201869887062956,0.6859814927905346,0.8413785605634896,0.5707195571107468
-0.2787184504658328,-0.6222164850925197,-0.67285124380388,-0.25972529656969284,-0.3930657068556576,-0.05517611999816485,-0.5914712663645187,-0.5348810937553364,-0.4167542249169004,-0.029953038002695335,-0.7401816089630688,1.0,0.8562875814178753,0.37087621335097476,-0.82983160159138,-0.816417868165487,0.20675284297579377,-0.34451237225327186,-0.5889425759594217,-0.4995803865485793,-0.91530435178863,-0.21420624169318966,-0.34173100285565294,0.09872175421372993,-0.07400921370452569,-0.08368282972241313,-0.5956502917261081,-0.08568446868128943,-0.4788877017555571,-0.4887477195161851,-0.8711343547862986,-0.3234072238205812,-0.0958598850176659,-0.5234790062338933,0.48904549585886103,-0.45163370853987395,0.32592008813712486,-0.41663497878994127,0.04059213305786261,0.31627711073170256,0.29615048277703626,-0.2904778140430346,-0.70250628845728,0.4349328969509833,-0.07756042016544047,0.4139461770787564,-0.44645416691541284,0.1784929735499877,-0.7034244962638985,-0.5293248188164691,-0.21033515220502025,0.18461842993201735,-0.49008650974299,-0.547623175148293,-0.9634986819117002,0.3241173685891677,-0.17844528553510813,0.4704850702750505,-0.17780841587342147,0.00019925692876922646,-0.6187571614963364,-0.5988171479231797,-0.5860310275242764,-0.4243671501915057,-0.5134694779033194,-0.6102151448986937,-0.9812877771142624,0.016016481752003976,-0.3546550860671912,-0.3382107182031735,0.2841618639268306,-0.16383196797892785,-0.2791265384430043,-0.5880643459769009,-0.5929573054669512,-0.7718509787634447,-0.4369408721460345
-0.5416477008995044,-0.6169561389985552,-0.6799943342831155,-0.15284456881088615,-0.5215561110740244,0.03272974392245945,-0.7028732367537157,-0.6316245587331805,-0.35529194506643225,0.20479623087634558,-0.7514942539167317,0.8562875814178753,1.0,0.17431026250346254,-0.8423532252563413,-0.4962414575256122,-0.32816521329463055,-0.5327302295051376,-0.3196898926672541,-0.5670793804579628,-0.7243644089025435,-0.33962759114431607,-0.3953536505022635,0.29166422793621827,-0.06949030720416795,-0.20112676840219734,-0.46378423181136474,-0.18021988075209605,-0.37999971491462464,-0.28876489025311725,-0.5204797047154128,-0.6068533110660308,0.04399632298695471,-0.8036124667969986,0.46203506744785977,-0.495347822061896,0.1592898928159506,-0.5895850649640978,0.27042562673004333,0.13511083733714954,0.049209690405911125,0.12640905814625933,-0.7961602332668448,0.11599821269070135,-0.3296069239871026,0.6885947805440868,-0.3153146508695156,-0.22399137120932708,-0.5218794534794884,-0.5537635254797632,-0.5205150229029532,0.32866000860196026,-0.5376044957505756,-0.1406858179351327,-0.837949343043015,-0.08493289044030987,-0.401095750066894,0.681359364473974,-0.2146632798749766,-0.3152226955988312,-0.42305210584190983,-0.64126271180438,-0.5510421083352025,-0.26212413394487705,-0.6303030892989727,-0.22936958936410226,-0.7722347826312751,-0.44914564040465194,-0.49098781664047225,-0.38121416211846404,-0.018213864001728558,-0.4219414185272576,-0.21586271857469003,-0.6586943709538148,-0.6117965233879105,-0.6143098923334129,-0.554089372019791
0.6977062554060629,0.25577242411903917,0.30324690002013255,0.41044735506049046,0.3693408581064805,0.06312446382270642,0.3670057046709446,0.35285470601090196,-0.06987449541065814,-0.11798413333415023,0.2564622803574668,0.37087621335097476,0.17431026250346254,1.0,0.19397889834839313,-0.0438987513048843,0.3315250848565552,0.5081480017305079,-0.618632127461901,0.5959311761663385,-0.6038167933432285,-0.39705485540202634,-0.11384268682524026,-0.32034076739861816,0.23130285283105093,-0.2917925533017649,-0.3858540946966592,-0.19682891881157177,-0.30659110000826956,-0.4931428340104599,-0.39463596962351494,0.05853524263234349,-0.2627235680783996,-0.35119913213768505,-0.0032058803608931673,-0.21099287412764586,-0.2511502918634543,-0.4323886247435904,-0.21797361754513836,0.2936763886639545,0.16429969264841093,-0.401151427613462,-0.6726285899259943,-0.04638642987906302,0.842119023406031,0.448770756232842,0.2421696699060429,0.5810378500335,0.0656422621004021,0.5362806215821503,0.1511498836835994,0.5800264047704033,-0.5896834331481243,-0.4622718517931318,-0.560940818959589,-0.059271158834305726,0.7909552757579273,0.4002826697596208,0.4156836669886252,0.7465359115666875,0.0455265951298718,0.3504956329145559,0.06273808552868927,0.5569376991970153,-0.3079843594454725,-0.44721524505429766,-0.3927940691292881,-0.04489631012030779,0.6308204289056875,-0.2865998349846429,0.4399491484685136,0.7930115017775227,-0.1657347486921943,0.20890197213283834,0.0435312656367174,0.19651482878667595,-0.20951056023163167
0.7474910338840742,0.8107832648836154,0.8789761150728074,0.5324959659364871,0.6678171940321563,0.03969166348774955,0.8634440245641749,0.7659105307720239,0.32598155033976306,-0.12987783479390877,0.9616564485985192,-0.82983160159138,-0.8423532252563413,0.19397889834839313,1.0,0.7873443231999492,0.06880791337995368,0.6763331121848889,0.2811430427060416,0.8872161029957398,0.6307418032650828,0.10309244079259315,0.3716271396334463,-0.2565506048671655,0.2354701104250945,0.013872126873903908,0.4718027476439035,0.06337498735542467,0.39543964092260125,0.23615986454047144,0.637566652545215,0.36558215864907856,-0.06136498792624727,0.4500443310519503,-0.45445105866654817,0.4325799451273657,-0.4086485664077411,0.29866022651046326,-0.2132022429193936,-0.19855722331216552,-0.0891724913786527,0.013786962015419449,0.4112191616834146,-0.3636232087912238,0.57134445812351,-0.21723811104710147,0.6010279264009503,0.18331833116885685,0.801187923601835,0.886500424293661,0.41255422095257155,0.03261559939823973,0.2429009525319934,0.24671502303735474,0.7023765214521862,-0.25682770250537124,0.6518735572427253,-0.2731589142595894,0.4205689660172975,0.4573853474971586,0.6971267131113004,0.8750926409609524,0.6555753539193993,0.7077907229246073,0.4492588636973711,0.32904360719785325,0.7988045955279984,0.022632295286544712,0.7384635411418783,0.25856289720067926,-0.026476540368916158,0.6669094974018542,0.24022804689378982,0.8031275212736436,0.6549856087742995,0.8845002066228425,0.428647686719732
0.31117648700026573,0.6551765293570989,0.6968515102556058,0.560061346274711,0.38827526644353333,0.14200975725728807,0.5651129180496388,0.5109400037171579,0.3309112022556805,0.17128798383629099,0.7603462144300546,-0.816417868165487,-0.4962414575256122,-0.0438987513048843,0.7873443231999492,1.0,-0.5608768149752807,0.33815890117230835,0.5243778874965641,0.6473617635304354,0.7071845272234341,-0.07112568375663914,0.23721691223547917,0.009598779232947073,0.20838464447936708,-0.12803924273944853,0.5212470537589283,-0.058263201748068136,0.42710559627400696,0.41318542963242516,0.9065988782683017,-0.043524938808428816,0.09947879375527367,0.02001830250297152,-0.3859366981421259,0.293590049634205,-0.5211528282860348,0.021953983501755505,0.0853591785610762,-0.3579407173180645,-0.3509893606982775,0.4912506208016165,0.19679936637452503,-0.6596994631362069,0.18496024641960324,0.16303788430169158,0.6456418867874117,-0.31174148092762255,0.8548241324725088,0.6933288085115379,-0.03256404294109942,0.20933641180048718,0.11615942589563974,0.6619848021066476,0.6882998268927729,-0.6811002713600677,0.28076568296925936,0.046437704438945585,0.3110248641601705,0.014437800330662165,0.7902488083644132,0.6566434522107589,0.5587518457664367,0.7694858532728477,0.20873210659041067,0.6976040893905151,0.8681461715290121,-0.5292078974184902,0.4441529316737935,0.15417996020051059,-0.35629310675308146,0.2522806644765789,0.2684190784509015,0.5618292846131392,0.4943667256130491,0.8918370590403072,0.1950303193754137
0.5002458104857201,0.028585194246220073,0.05272189557441055,-0.19120576616874013,0.26849426009776356,-0.17649651075262765,0.24504104586701553,0.20172749825018232,-0.09772215831554018,-0.4515842321047074,0.06100520226850328,0.20675284297579377,-0.32816521329463055,0.3315250848565552,0.06880791337995368,-0.5608768149752807,1.0,0.361027362212353,-0.47099852022163646,0.14387047678878132,-0.2973459068280366,0.2535342091586238,0.11518830357598081,-0.3600473977083798,-0.020997472331611,0.2258190618855385,-0.20990052449882032,0.17938490608691648,-0.16010863134271117,-0.35147578262818735,-0.610869343672484,0.5613615493979245,-0.24337998469054636,0.5719590973255294,0.014245106999234211,0.10581828051178961,0.294556086523125,0.36553721175429643,-0.4244300323261966,0.31257545281256943,0.448216693138623,-0.7764178593132604,0.2337582252150961,0.5792128295879503,0.46794396832535096,-0.5555478287122718,-0.23766078728484813,0.7506270832001842,-0.30736591468425867,0.06852645218509645,0.6067023529554874,-0.2949454201622139,0.13821822059378622,-0.7399037491697835,-0.17059074117786055,0.757255979033305,0.4210538554151892,-0.44196226259938076,0.06147639213303114,0.5908474068197238,-0.34261238301043,0.1125707644334067,-0.023806789031494267,-0.29469377218689313,0.26553138536725485,-0.6869853512551689,-0.3321238802374173,0.8867460024693533,0.27294319418239027,0.09772614761024956,0.5409918005303495,0.4873391024393271,-0.11175469712066685,0.169357161146298,0.07958798070797474,-0.25538169367605795,0.260025155144393
0.8739101374730968,0.236710213147671,0.3940324551141719,0.05558542903252422,0.167803001532607,0.5770036297012717,0.42518289363858414,0.9680441617780501,0.5916954383667609,0.2738161669912279,0.5764398767205996,-0.34451237225327186,-0.5327302295051376,0.5081480017305079,0.6763331121848889,0.33815890117230835,0.361027362212353,1.0,0.05242384656288225,0.8159183000232334,0.09866736978266938,0.15929605351207615,0.5436512383831346,-0.7607185443335915,0.701873478721297,0.2629657084386201,0.06990989598506463,0.3555320998693204,0.26829140289142633,0.3087574591783353,0.258229589807008,0.332936004871697,-0.7358087612302111,0.23635804471692218,-0.009904810666590673,0.5050826272734557,0.062421604508397746,-0.0901946146062201,-0.8007575901877859,0.5049013574927316,-0.00901608466245792,0.054398148249867835,0.07880207663621562,-0.05800431562229153,0.7241714138468148,-0.2456375389104948,0.7764089560192334,0.20638469888286945,0.423848423910316,0.5942889283728197,0.052066684729309406,0.13509303819878793,-0.3649815362430669,0.15391248483156456,0.20396321356103822,0.10503168658310354,0.6384850073994494,-0.04802464320946816,0.8936715677044451,0.4164018061128979,0.5153890270066532,0.4342614418082144,-0.02890816772047154,0.5318372522453141,-0.13643402176385783,0.22450061654854395,0.27599400961823745,0.2217543717087763,0.48335177981724664,0.4690525853385628,0.7047514540112949,0.6372891153186255,0.497100397124064,0.3013648865744725,0.0011501105257687525,0.424716069546674,-0.15411219870820397
-0.13555805024762835,-0.04174896612735058,-0.06190327480016028,0.04819561890993828,-0.21986690034122147,0.23160416122708016,-0.09534186259683694,0.17334564979090775,0.13646521851507157,0.22363495020222862,0.29022572751142134,-0.5889425759594217,-0.3196898926672541,-0.618632127461901,0.2811430427060416,0.5243778874965641,-0.47099852022163646,0.05242384656288225,1.0,0.05882521577407639,0.8109759441952932,0.685862838329297,0.7272051631198825,0.2455794074300315,0.46431907416493234,0.6528982333264449,0.8498664157562485,0.6573445083874053,0.8920710853061253,0.909940974785415,0.7335883685431099,-0.4479536292701898,-0.13780852479274822,0.3373997861686839,0.3463199252385208,0.7776482625946602,0.36585362309654335,0.42878393470987836,-0.20353348124658757,-0.3419547761731519,0.13048283135787583,0.7572710259164479,0.5591233431564914,0.08375128473326075,-0.5479029153472317,-0.10753670172853597,0.5266580091219935,-0.8169457523490724,0.6307042367409623,0.035820438035964006,-0.13980443577810173,-0.5773472236793602,0.34855571146901787,0.8005753786269749,0.7013240520003589,0.003928735456073127,-0.5095214565313494,0.11920077022106035,0.21347275354597353,-0.6874591938307544,0.7305928251979525,0.12770671978456882,-0.06452684190631165,-0.07644507964748014,0.2816515165896835,0.8222729495799159,0.6923315890331649,-0.36211371987922253,-0.4009993331389074,0.7623088402301978,-0.25144408588634365,-0.4212417439812778,0.7744919041104149,0.19134262565498236,-0.11844033983434162,0.1393560541067759,0.22850472624137638
0.9209001629244795,0.6983133422853068,0.7773352859018422,0.6074074668950235,0.6202694879332075,0.15275315035948483,0.7947089121756964,0.8143467501765711,0.25114966313706527,-0.08142344902226512,0.8916366852499813,-0.4995803865485793,-0.5670793804579628,0.5959311761663385,0.8872161029957398,0.6473617635304354,0.14387047678878132,0.8159183000232334,0.05882521577407639,1.0,0.26438657788856346,-0.006286814987299642,0.3717187174860465,-0.3491730799811129,0.43332683970269714,-0.0063899991366589545,0.28435555186560396,0.0885659339042482,0.29894485355510186,0.09620396648565499,0.38722604939778577,0.2007927452367236,-0.26417283927439605,0.1818047693681974,-0.2381546394450454,0.3660339444845083,-0.3426516533587215,0.033791250777737876,-0.35631367335751646,-0.009563602099896396,0.05082601374574372,-0.043675822581144295,0.015217625105719654,-0.2682124084056156,0.788771550337361,0.07656699625981708,0.7077960270934704,0.2840868614616277,0.7417812472682546,0.9472277154113312,0.32786559565929124,0.24418162514853267,-0.12390971330197004,0.09422420239544517,0.31938461991895095,-0.21164826131121756,0.817102329498357,0.06983332681841424,0.6222321396397245,0.6060399219904473,0.6876986122674604,0.8420529165382162,0.4628257353338341,0.8171255107958787,0.17371831424163048,0.16666961916238734,0.4850042578632624,-0.0844519742692345,0.7995578581635825,0.20055094221677214,0.217353829437067,0.8453389478271677,0.2642637507946744,0.7167342193672291,0.4408195570531882,0.7697849350519574,0.20319304017776957
0.04631852945367249,0.4475306175528604,0.43352485347168573,0.24005263975331992,0.25493798999163725,-0.06676870313814946,0.3863652948095525,0.2757939926925339,0.17150616850128655,-0.0652796590631327,0.6054440967104026,-0.91530435178863,-0.7243644089025435,-0.6038167933432285,0.6307418032650828,0.7071845272234341,-0.2973459068280366,0.09866736978266938,0.8109759441952932,0.26438657788856346,1.0,0.4780662040541326,0.47914244650576454,0.20354416203074036,0.08415017523986332,0.3253512006689248,0.8179514751857996,0.300268925218754,0.6945091745720061,0.6308754414212872,0.8309262038490578,0.031191626645978767,0.1828560744095446,0.5912728199374442,-0.2119014649557651,0.5942391909150583,-0.07205027203496939,0.6157038094230235,0.02835764386829987,-0.5175927177689266,-0.0547296415757969,0.40440389086560546,0.7970500184936657,-0.18001569836715337,-0.27025297359725065,-0.35769741313057796,0.3539359502383334,-0.41725116882469326,0.708034243473954,0.3324690762098917,0.2266515634574716,-0.4840277160901586,0.6629419696231312,0.6016705165463392,0.9755380890276284,-0.15553790441377588,-0.1529615282023983,-0.3385895614971308,0.010579737512537664,-0.28608672768992327,0.6483061992962958,0.47828803885414517,0.46257847769585597,0.13721242591078753,0.6313620176684432,0.6523103183398277,0.9507524218659703,-0.11044256793882047,0.05200893385527352,0.4930288575724196,-0.4467980319913404,-0.10360083241158954,0.41538235723361283,0.5423120315464378,0.4471467661875027,0.5321392073818362,0.5597457530739997
0.1008295961883674,-0.2111402373642422,-0.25839100859863856,-0.10969541750348402,-0.14997611406388428,0.03444350633061399,-0.11085066904171102,0.11473092716625642,-0.15531611234391682,-0.17318517379773396,0.1669528199340477,-0.21420624169318966,-0.33962759114431607,-0.39705485540202634,0.10309244079259315,-0.07112568375663914,0.2535342091586238,0.15929605351207615,0.685862838329297,-0.006286814987299642,0.4780662040541326,1.0,0.8673682622292046,0.16526192518492996,0.4873776743189786,0.9623764296084796,0.7411100903876586,0.9241813966900465,0.8448528907328049,0.6584972473762342,0.11385122291001812,-0.28380733303019035,-0.31120898790993157,0.7012464165777041,0.6264694415941551,0.8896448951862623,0.7908864194422511,0.7357544047215435,-0.4986987053047846,-0.17283804105908607,0.6815738986153955,0.20726794395520376,0.6418631066172122,0.7420716210348366,-0.3812129064015046,-0.38069833951798676,0.26821758428126175,-0.368452781529012,0.32701654563923893,-0.0730209577029981,0.29057246650304425,-0.9269565615563508,0.4406247030544574,0.19466249706400013,0.4077344931904426,0.7172488215366626,-0.3869048109036257,-0.0065158101032341395,0.17476964728427535,-0.39451155471470806,0.4336523149652179,0.07492675745271747,-0.25361968500453547,-0.4961489993209805,0.4520136524166678,0.24021720193372434,0.2645611281562559,0.21637145781755726,-0.40849456794303407,0.8872131047848122,0.12295898958455777,-0.2030440499763207,0.7541777756743069,0.21899297429768852,-0.25037528369640233,-0.3011387888885353,0.41662907702993
0.40115799560143856,-0.10406230188193023,-0.0770250520530452,0.012444314826123798,-0.1385511516659278,0.38000764574426493,0.020213140565502486,0.5146832394989479,0.14963776605715612,0.11683429841323191,0.39535867753438764,-0.34173100285565294,-0.3953536505022635,-0.11384268682524026,0.3716271396334463,0.23721691223547917,0.11518830357598081,0.5436512383831346,0.7272051631198825,0.3717187174860465,0.47914244650576454,0.8673682622292046,1.0,-0.12371099191117495,0.8219383996886734,0.9112838896973494,0.7186930646673149,0.9461995395975871,0.9105355923765419,0.8058009655057919,0.35023871233224724,-0.30472918853373065,-0.599127223744325,0.504890639304704,0.60060443070059,0.9888290387850031,0.6596646352740551,0.4450559642057321,-0.7301063312672988,0.030247761065984705,0.5068749951177322,0.4286495412568917,0.4466537863740399,0.48336638493529166,-0.0818501721971869,-0.2165587087375208,0.7073980379703293,-0.4305219670547933,0.5785942972444313,0.21866665111367095,0.08783170936578472,-0.6250565344743912,0.09458005996408636,0.4318165859509222,0.4237582638772711,0.47205065744632624,-0.12461178135899427,0.18776968737205457,0.609786746942948,-0.2922760452908275,0.7381328348372849,0.23984569435195133,-0.27231991656329835,-0.0710598401429369,0.19907571560248513,0.48822177596145777,0.39640971655835255,0.003935245502025166,-0.196654248023673,0.9717930240426454,0.33615533718533835,0.023369177486793798,0.9489872581236598,0.2756616222918617,-0.29196000314932974,-0.012220896472496254,0.17336246178751852
-0.4661072959259674,0.1439796508829449,-0.06335676128498528,0.4941551458172325,0.22686498530720103,-0.7517784962137422,-0.02197592404735411,-0.7585275683520792,-0.85071701183965,-0.5876863019037903,-0.034695172928214876,0.09872175421372993,0.29166422793621827,-0.32034076739861816,-0.2565506048671655,0.009598779232947073,-0.3600473977083798,-0.7607185443335915,0.2455794074300315,-0.3491730799811129,0.20354416203074036,0.16526192518492996,-0.12371099191117495,1.0,-0.4334072175368162,0.007986214428295656,0.4684844773280854,-0.05265881280496689,0.23298606358235444,-0.13687982708953622,-0.06325282409944862,-0.5954469280286899,0.7570863324289914,-0.0041625256599512744,0.17515406459816055,-0.07899755241323891,-0.042102477478066544,0.4284232307451351,0.7145528072319602,-0.8881965980370501,0.43681458508091625,-0.017038494931142754,0.033041670279266,0.20853229399483095,-0.564774846529207,0.4447258211120303,-0.42040440810744506,-0.24581227669957428,0.1755090122013377,-0.07746595716580325,0.3189133784414453,-0.34725070297819477,0.5601491807375997,-0.09341600938255479,0.03285998009228804,-0.05121249909809133,-0.41309269895461875,0.30386202231804577,-0.7269386365324318,-0.266610178850418,0.04155803355009878,0.12239105694681074,0.30817618911008954,-0.27420961646470765,0.5054987731759994,-0.12445892343305014,0.04001142962878471,-0.4364420709695278,-0.2131606879640003,-0.18006045765789644,-0.8429506577644418,-0.28990760796885107,-0.1874978017265917,0.2698069942485424,0.22369942636587592,-0.13389786459761452,0.5670603504318805
0.44882209851981836,-0.29050153724403954,-0.19135201096712917,-0.09437898806700815,-0.3654030511583192,0.7477661352966862,-0.15900781988071114,0.6486995494939846,0.4029718964907284,0.5102519444624989,0.20848829561359242,-0.07400921370452569,-0.06949030720416795,0.23130285283105093,0.2354701104250945,0.20838464447936708,-0.020997472331611,0.701873478721297,0.46431907416493234,0.43332683970269714,0.08415017523986332,0.4873776743189786,0.8219383996886734,-0.4334072175368162,1.0,0.6691640179914935,0.30601873833921983,0.7688887540393318,0.6177390466785969,0.7078370234259673,0.2681712929472264,-0.3522192463649313,-0.8715837432771922,0.004380360666894373,0.6279884902702547,0.7418234932448668,0.5520081829873462,-0.13575385271315776,-0.8514197769770306,0.4318415677656499,0.23125163021992579,0.558582742660497,-0.05203924251854767,0.2406793108847146,0.1401904686938165,0.0668924655150942,0.8720303059126391,-0.428990905155394,0.4130781088451038,0.1834969439223528,-0.3307385987728446,-0.13020470260166142,-0.4850135925206933,0.4895938422404486,0.04670241759348374,0.22953321815902034,0.014437296087805997,0.46510349848930466,0.9020718121684356,-0.23537312296296906,0.6545304125224299,0.037079441071807655,-0.5314423482558704,0.18024323493821334,-0.3571328335590882,0.5191514105931694,0.12005920373141055,-0.1903007615370314,-0.16429870246157588,0.7866399465904288,0.6309994098209994,0.07923278087757263,0.9016138468115221,-0.04517550527508868,-0.5643121047008197,-0.02518230441654805,-0.35964100136039806
0.11866871474635894,-0.3886073491206544,-0.4013920148237795,-0.22986857567915686,-0.3383188989813874,0.262445311652824,-0.26579706409346643,0.1968918871532052,-0.027494251751361387,0.0374759634318022,0.05425022204960528,-0.08368282972241313,-0.20112676840219734,-0.2917925533017649,0.013872126873903908,-0.12803924273944853,0.2258190618855385,0.2629657084386201,0.6528982333264449,-0.0063899991366589545,0.3253512006689248,0.9623764296084796,0.9112838896973494,0.007986214428295656,0.6691640179914935,1.0,0.6174978159545307,0.9889976629291475,0.8134374563623322,0.7224930480876974,0.07385471716454498,-0.3541108496073485,-0.5305494589722685,0.5381957127563777,0.7604449475574486,0.8977964634388631,0.8890939638345674,0.5280842238866019,-0.6615415519994544,0.04718754623589446,0.6346822935706983,0.3209361541973969,0.475600828352486,0.7448691618844514,-0.343860111276239,-0.3055635489789129,0.390757515099428,-0.4402489523819912,0.25612950892909153,-0.14498943518569007,0.08379085681640978,-0.8166395575405447,0.1836065161146829,0.26162590831710963,0.25474606742798966,0.7204271324790991,-0.40276009813571456,0.13701033126982798,0.3643677065754103,-0.45311143224865774,0.4343057524042207,-0.06572178030928683,-0.4740425974034322,-0.4718882859950228,0.1987155202278032,0.29800385643900035,0.13508839747483825,0.16149306570704663,-0.4930459610454888,0.9397826574824469,0.32505456028560153,-0.23724704563840662,0.8578324402088727,0.039171495029272585,-0.47438928611904585,-0.39222568689642073,0.16695654191608628
